Article	playstation	windows	series	up	360	music	design	graphics	sony	computer	adventure	switch	nes	billion	reality	kinect	flight	consoles	augmented	sound	atari	mobile	user	ar	interface	interactive	simulator	fiction	table	development	ball	platform	rockstar	virtual	online	fallout	million	us	console	taito	2600	boy	xbox	interfaces	sports	strategy	tennis	realtime	x	industry	testing	logic	lisp	studio	operating	information	c	engineering	design	java	security	systems	algorithm	scrum	test	cobol	ios	algorithms	science	agile	usability	command	compiler	quality	comments	requirements	parallel	assembly	product	team	sprint	language	functional	loop	microsoft	netbeans	tests	hopper	list	xcode	virtual	ada	data	n	code	object	performance	lovelace	comment	concurrent
Action-adventure_game	0	0	10	2	0	1	1	2	0	0	12	0	0	0	0	0	1	0	0	0	0	0	1	0	0	2	3	2	0	0	0	3	0	0	4	0	0	1	0	0	0	0	0	0	1	3	0	3	0	0	0	0	0	0	0	0	0	0	1	0	0	1	0	0	0	0	0	0	0	0	0	0	0	0	0	0	0	0	0	0	0	0	0	0	0	0	0	0	0	0	0	0	0	0	0	0	0	0	0	0
Action_game	0	0	3	8	0	1	1	2	0	0	3	0	0	0	0	0	1	0	0	0	0	0	0	0	1	2	3	1	0	0	0	5	0	0	5	0	0	0	0	0	0	0	0	0	2	5	0	3	0	0	0	0	0	0	0	1	0	0	1	0	0	0	0	0	0	0	0	0	0	0	0	0	0	0	0	0	0	0	0	0	0	0	0	0	0	0	1	0	11	0	0	0	0	0	0	2	1	0	0	0
Action_role-playing_game	0	0	6	2	0	1	0	2	0	3	4	0	0	0	0	0	1	1	0	0	0	0	0	0	3	2	3	1	0	0	0	2	0	0	6	2	0	0	0	0	0	1	0	0	1	3	0	10	0	0	0	0	0	0	0	0	0	0	0	0	0	4	0	0	0	0	0	0	0	0	0	0	0	0	0	0	0	0	0	0	0	0	0	0	0	0	0	0	6	0	0	0	0	0	0	0	0	0	0	0
Adventure_game	6	0	18	5	0	2	12	19	0	24	153	1	4	0	0	0	1	3	1	3	0	3	1	0	6	33	5	14	0	10	0	1	0	4	10	0	1	0	4	0	0	1	1	4	1	3	0	6	0	1	0	3	0	4	3	3	1	0	12	0	0	5	0	0	0	0	0	0	3	0	0	1	0	1	0	1	2	0	0	0	0	2	0	0	0	0	0	0	6	0	4	0	1	0	0	1	0	0	0	0
Amusement_arcade	0	0	2	0	0	1	0	1	0	0	0	0	0	0	0	0	0	2	0	1	0	0	0	0	0	0	0	0	1	1	1	0	0	0	0	0	0	3	3	0	0	0	0	0	0	0	0	0	0	2	0	0	0	0	0	0	0	0	0	0	0	5	0	0	1	0	0	0	0	0	0	0	0	0	0	0	0	0	0	1	0	0	0	0	0	0	0	0	1	0	0	0	1	0	0	0	1	0	0	0
Arcade_cabinet	0	0	0	3	0	0	1	2	0	2	0	1	0	0	0	0	3	0	0	0	0	1	0	0	0	1	0	0	5	0	0	0	0	0	0	0	0	0	3	0	0	1	0	0	0	0	0	0	0	2	0	0	0	0	0	0	0	0	1	0	0	1	0	0	0	0	0	0	0	0	0	0	0	3	0	0	0	1	0	0	0	0	0	0	0	0	0	0	1	0	0	0	2	0	0	0	0	0	0	0
Arcade_game	6	0	2	247	0	3	5	11	2	4	1	0	0	9	0	0	5	8	0	4	5	4	0	1	0	2	0	1	0	3	1	1	0	1	6	0	74	73	13	2	0	0	3	0	1	5	0	2	1	7	0	0	0	0	0	0	0	0	5	0	0	3	0	0	0	0	0	0	0	0	0	2	0	0	0	0	0	0	0	0	4	0	0	0	2	0	0	0	10	0	1	0	0	0	1	0	0	0	0	0
Atari	0	0	3	0	0	1	1	1	0	10	0	0	0	0	0	0	0	6	0	0	104	0	1	0	1	14	0	0	0	3	0	2	0	0	0	0	6	3	11	0	6	1	1	0	0	1	0	0	0	1	0	0	0	0	2	0	0	3	1	0	0	0	0	0	0	0	0	0	1	0	0	0	0	0	0	0	0	0	1	1	0	0	0	0	0	0	0	0	1	0	0	0	0	0	0	0	0	0	0	0
Atari_2600	4	0	1	3	1	1	8	3	1	7	3	2	1	1	0	0	0	9	0	0	130	0	0	0	3	3	0	0	0	7	2	2	0	1	0	0	6	3	27	2	70	1	3	0	0	0	0	0	0	1	0	0	0	2	1	0	0	1	8	0	0	3	0	0	0	0	0	0	1	0	0	3	0	0	0	0	0	0	1	1	0	0	0	0	1	0	0	0	13	0	1	0	1	0	1	0	0	0	0	0
Augmented_reality	0	2	0	5	2	7	22	6	0	13	0	0	0	1	118	0	11	0	112	4	0	10	29	98	8	9	2	0	3	8	1	2	0	39	2	0	0	7	0	0	0	0	0	2	2	0	0	7	0	1	1	0	0	1	2	29	0	1	22	0	0	24	0	0	5	0	1	3	1	0	1	1	0	0	1	1	0	0	6	2	0	3	2	0	4	0	5	0	2	0	39	0	14	0	2	3	8	0	0	0
Casual_game	1	1	16	3	0	3	9	3	0	5	2	0	0	0	0	0	1	2	0	1	0	3	0	0	1	4	3	1	0	4	0	1	0	0	9	0	2	0	0	0	0	1	0	0	1	4	0	2	0	3	1	0	0	0	0	0	0	0	9	1	0	0	0	0	0	0	0	0	0	0	0	0	0	0	0	0	0	0	0	1	0	0	0	0	1	0	0	0	5	0	0	0	0	0	0	1	0	0	0	0
Computer_graphics	3	3	5	9	0	1	14	178	3	158	0	1	0	0	2	0	0	2	0	1	1	1	5	0	4	5	0	1	1	8	0	1	0	8	0	0	0	0	2	0	0	0	2	3	0	0	3	8	0	5	0	0	0	5	1	12	2	7	14	1	0	6	3	0	1	0	0	3	13	0	0	0	0	2	0	0	2	0	2	0	0	2	0	1	5	0	0	0	0	0	8	0	18	0	0	6	2	0	0	0
Console_game	3	0	2	6	1	1	5	4	1	1	2	1	0	0	0	0	0	36	0	1	3	5	0	0	1	4	0	1	0	27	0	2	0	2	9	0	0	0	73	0	3	0	4	0	1	4	0	2	0	4	0	0	0	0	1	1	0	0	5	0	1	4	0	0	1	0	0	0	0	0	0	0	0	7	0	0	0	0	0	0	1	0	0	0	1	0	0	0	7	0	2	0	4	0	0	1	1	0	0	0
Downloadable_content	5	0	1	1	2	3	0	0	3	1	0	0	0	0	0	0	0	4	0	0	1	0	2	0	1	0	0	0	0	2	0	1	0	0	8	0	0	0	3	0	0	0	7	0	0	2	0	1	0	0	0	0	0	0	0	0	0	0	0	0	0	0	0	0	0	0	0	0	0	0	0	0	0	0	0	0	0	0	1	0	0	0	0	0	5	0	0	0	0	0	0	0	0	0	1	0	0	0	0	0
Early_history_of_video_games	1	0	3	2	0	0	0	2	0	33	0	0	0	0	0	0	0	5	0	0	1	0	0	0	0	7	1	1	1	4	0	0	0	0	2	0	0	0	3	0	0	0	0	0	0	0	7	0	0	4	0	1	0	0	2	0	0	1	0	1	0	1	0	0	0	0	0	1	1	0	0	0	0	0	0	0	0	0	1	0	0	0	0	0	0	0	0	0	1	0	0	0	1	0	0	0	0	0	0	0
Educational_game	0	0	0	1	0	0	0	0	0	3	0	0	0	0	0	0	2	0	0	0	0	0	0	0	0	1	1	0	0	1	0	0	0	3	0	0	0	2	0	0	0	0	0	0	0	0	0	0	0	0	0	0	0	0	0	2	3	0	0	0	0	0	0	0	3	0	0	0	0	0	0	0	0	4	0	0	0	0	0	0	0	2	0	0	0	0	1	0	0	0	3	0	3	1	0	0	0	0	0	0
Fallout_3	4	2	14	3	3	2	0	1	0	4	0	2	0	0	1	0	0	0	0	2	0	0	0	0	0	0	0	1	0	3	0	1	0	1	1	75	0	2	0	0	0	3	6	0	0	0	0	4	0	0	2	0	0	2	0	3	0	0	0	0	1	0	0	0	0	0	0	0	0	0	0	1	0	1	1	0	0	0	0	0	0	0	0	0	2	0	0	0	0	0	1	0	0	0	4	0	1	0	1	0
Fighting_game	1	0	3	8	0	1	1	1	0	0	1	0	0	0	0	0	1	0	0	0	0	0	0	2	0	2	3	1	0	0	0	3	0	0	4	0	0	0	0	0	0	0	0	0	2	4	0	2	2	1	0	0	0	0	0	0	0	0	1	0	0	1	0	0	0	0	0	0	0	0	0	0	0	0	0	0	0	0	0	1	0	0	0	0	0	0	0	0	13	0	0	0	0	0	0	0	0	0	0	0
Game_Boy	2	0	0	2	0	0	2	0	1	2	1	2	12	0	0	0	0	3	0	3	2	0	1	0	0	0	0	0	0	2	0	0	0	2	0	0	0	1	7	0	0	70	0	0	0	0	1	0	1	0	0	0	0	0	0	0	0	0	2	0	0	0	0	0	0	0	0	0	0	0	0	0	0	0	0	0	0	0	0	1	0	0	0	0	0	0	0	0	11	0	2	0	1	0	0	0	0	0	0	0
Game_Developers_Conference	2	0	0	0	0	1	11	1	1	8	0	0	0	0	0	0	0	0	0	0	0	3	0	0	0	1	1	0	0	3	0	0	0	0	4	0	0	0	3	0	0	0	0	0	0	0	0	0	1	7	0	0	0	1	0	0	0	0	11	0	0	0	0	0	0	0	0	0	0	0	0	0	0	0	0	0	1	0	0	0	0	0	0	0	1	0	0	0	0	0	0	0	0	0	0	0	1	0	0	0
Game_controller	10	0	11	1	2	0	1	0	0	9	0	2	5	0	2	2	5	8	0	0	4	1	4	0	1	4	1	0	0	1	5	0	0	3	1	0	0	1	11	0	3	0	7	1	0	1	1	0	1	0	0	0	0	0	1	0	0	0	1	0	0	8	0	0	0	0	0	0	0	0	0	0	0	0	0	0	0	0	0	0	0	0	0	0	3	0	0	0	0	0	3	0	1	0	0	2	0	0	0	0
Game_design	0	0	0	1	0	0	191	0	0	2	0	0	0	0	0	0	0	1	0	1	0	1	3	0	3	0	0	1	2	14	3	0	0	3	1	0	0	1	0	0	0	0	0	0	5	9	2	1	1	4	14	0	0	1	0	7	0	5	191	0	0	4	1	0	2	0	0	1	4	1	1	0	0	2	0	0	0	1	4	4	0	1	1	1	0	0	0	0	2	0	3	0	0	0	0	0	0	0	0	0
Game_designer	0	0	0	1	0	0	191	0	0	2	0	0	0	0	0	0	0	1	0	1	0	1	3	0	3	0	0	1	2	14	3	0	0	3	1	0	0	1	0	0	0	0	0	0	5	9	2	1	1	4	14	0	0	1	0	7	0	5	191	0	0	4	1	0	2	0	0	1	4	1	1	0	0	2	0	0	0	1	4	4	0	1	1	1	0	0	0	0	2	0	3	0	0	0	0	0	0	0	0	0
Game_development	1	0	2	4	0	17	46	4	2	9	0	0	0	2	0	0	0	10	0	11	0	8	4	0	2	9	0	0	0	88	0	2	0	0	7	0	3	1	9	0	0	0	2	0	1	0	0	0	0	19	16	0	0	2	0	5	0	0	46	0	0	2	0	0	8	0	1	2	2	1	1	1	0	4	0	2	0	0	2	10	0	8	0	0	2	0	0	0	9	0	0	0	1	0	14	1	1	0	0	0
Game_programmer	1	2	2	0	0	2	14	17	0	6	1	0	0	0	0	1	1	1	0	13	0	2	5	0	3	4	0	0	0	18	0	7	0	0	0	0	0	0	0	0	0	0	0	2	0	6	0	1	0	6	1	4	0	4	3	0	5	2	14	3	2	8	0	0	0	0	0	2	2	0	0	0	0	0	0	2	0	3	0	3	0	9	0	0	1	0	0	0	6	0	0	0	0	0	16	0	0	0	0	0
Gamepad	1	1	2	1	3	0	2	0	1	3	0	0	4	0	1	0	0	3	0	0	0	0	0	0	0	1	0	0	0	0	0	0	0	1	0	0	0	0	6	0	0	0	5	0	0	0	0	0	0	0	0	0	0	0	0	0	0	0	2	0	0	1	0	0	0	0	0	0	0	0	0	0	0	0	0	0	0	0	0	0	0	0	0	0	2	0	0	0	0	0	1	0	0	0	0	0	0	0	0	0
Handheld_electronic_game	2	0	3	1	0	0	1	2	1	1	1	2	0	0	0	0	0	1	0	2	1	1	0	0	0	1	0	0	0	0	0	0	0	1	0	0	0	0	4	0	0	4	0	0	0	0	0	0	1	0	0	0	0	0	0	0	0	0	1	0	0	0	0	0	0	0	0	0	0	0	0	0	0	0	0	0	0	0	1	0	0	0	0	0	0	0	0	0	1	0	1	0	0	0	0	0	0	0	0	0
Handheld_game_console	28	1	4	12	0	4	13	9	9	6	2	8	3	0	0	0	1	30	0	3	9	3	4	0	3	2	1	0	0	5	0	2	0	1	3	0	4	5	44	0	1	91	0	0	0	0	0	0	2	2	0	0	0	0	1	1	0	1	13	0	0	6	0	0	0	0	0	0	0	0	0	0	0	0	0	0	0	0	3	2	0	0	0	0	0	0	0	0	10	0	1	0	2	0	0	0	0	0	0	0
History_of_video_game_consoles_(second_generation)	0	0	3	5	0	1	0	7	0	9	3	0	0	0	0	0	0	24	0	6	31	0	0	0	0	0	0	0	0	2	1	0	0	0	2	0	4	0	26	0	18	0	0	0	0	0	0	0	1	1	0	3	0	5	0	0	0	1	0	0	0	5	0	0	2	0	0	0	0	0	0	2	0	0	0	0	0	0	0	0	0	0	0	0	0	0	0	0	9	0	0	0	0	0	2	0	0	0	0	0
History_of_video_game_consoles_(third_generation)	0	0	12	5	0	0	0	1	0	7	0	0	25	0	0	0	0	21	0	1	15	0	0	0	1	1	0	0	1	3	2	1	0	0	2	0	9	0	13	0	1	5	0	0	1	0	0	0	0	1	0	0	0	0	0	0	0	0	0	0	0	6	0	0	0	0	0	0	0	0	0	0	0	0	0	0	0	0	1	0	0	0	0	0	0	0	0	0	8	0	0	0	2	0	0	0	0	0	0	0
History_of_video_games	44	1	19	5	11	7	7	34	15	64	8	4	8	11	0	1	0	72	0	14	33	23	7	0	5	6	0	1	4	16	1	11	0	5	24	0	11	10	83	6	5	12	29	1	4	6	4	6	0	33	0	5	0	0	3	0	1	2	7	1	0	29	0	0	1	1	0	0	1	0	0	4	0	4	0	0	0	0	6	2	0	0	0	1	9	0	0	0	2	0	5	0	2	0	3	0	1	0	0	0
Interactive_fiction	0	1	8	4	0	1	1	11	0	7	42	0	0	0	0	0	1	0	0	1	3	0	2	0	1	96	3	91	0	10	0	1	0	11	10	0	0	1	0	0	0	1	1	0	1	3	0	2	3	0	0	0	1	0	2	4	2	0	1	0	0	13	0	0	0	0	1	0	4	0	0	3	0	3	0	0	0	0	2	0	0	17	0	0	2	0	0	0	0	0	11	0	0	0	3	1	0	0	0	0
Joystick	0	0	0	15	0	0	1	1	0	9	0	13	0	0	1	0	9	4	0	2	11	1	0	0	2	1	2	0	0	1	0	0	0	2	1	0	0	1	2	1	1	0	0	0	0	0	0	0	1	2	0	0	0	0	0	0	2	0	1	0	0	4	0	0	1	0	0	0	0	0	0	0	0	0	0	0	1	1	0	2	0	0	0	0	1	0	0	0	1	0	2	0	2	0	0	0	0	0	0	0
Kinect	10	41	0	4	27	0	3	1	0	3	0	0	0	0	6	118	0	8	3	1	0	2	5	1	3	2	0	1	0	7	0	3	0	9	1	0	2	1	7	0	0	1	70	0	0	1	0	1	2	0	0	0	0	5	1	0	2	3	3	0	0	3	0	0	0	0	0	1	1	0	1	0	0	0	0	2	0	0	4	2	0	0	0	0	52	0	0	0	3	0	9	0	5	0	2	1	1	0	0	0
Level_design	0	0	1	0	0	2	142	1	0	1	0	0	0	0	0	0	0	0	0	1	0	0	3	0	4	2	0	1	0	3	0	0	0	1	0	0	0	0	0	0	0	0	0	0	0	1	0	0	1	3	2	0	0	2	0	2	0	3	142	0	0	2	1	0	0	0	0	0	1	1	0	0	0	1	0	0	0	1	4	2	0	1	1	1	0	0	0	0	8	0	1	0	2	0	0	0	0	0	0	0
List_of_Game_of_the_Year_awards	456	303	2	10	231	1	16	1	2	7	33	37	8	0	0	0	4	0	0	0	22	2	1	0	0	12	1	2	0	3	0	8	49	2	6	13	1	25	16	5	8	19	335	0	27	12	1	7	42	7	0	0	0	8	0	0	0	0	16	0	0	0	0	0	0	0	18	0	1	0	0	0	0	0	0	0	0	0	0	7	0	0	0	0	302	0	0	0	7	0	2	0	1	3	0	0	0	0	0	0
List_of_arcade_video_games	7	6	0	0	1	0	0	0	1	0	0	1	1	0	0	0	0	0	0	0	2	1	0	0	0	0	0	0	0	0	0	0	0	1	0	0	0	0	1	0	1	5	5	0	0	0	0	0	1	0	0	0	0	0	0	2	0	0	0	0	0	0	0	0	0	0	1	0	0	0	0	0	0	0	0	0	0	0	0	0	0	0	0	0	1	0	0	0	8	0	1	0	0	1	0	0	0	0	0	0
List_of_best-selling_video_game_franchises	48	6	288	5	7	8	7	2	11	16	12	1	2	0	0	1	1	14	0	0	5	14	0	0	0	22	0	5	0	13	2	9	8	3	8	2	215	1	16	1	1	8	18	0	34	16	0	7	1	0	0	0	0	6	0	0	0	0	7	1	0	10	0	0	4	0	0	0	4	0	0	1	0	0	0	0	0	1	1	6	0	1	0	0	9	0	0	0	12	0	3	0	0	1	0	0	1	0	0	0
List_of_best-selling_video_games	4	0	2	1	2	1	5	1	2	1	1	1	4	0	0	1	0	0	0	0	1	5	0	0	0	2	0	1	0	2	0	2	13	0	3	0	5	1	7	0	1	9	4	0	4	3	0	2	1	0	0	0	0	1	0	0	0	0	5	0	0	0	0	0	0	0	1	0	1	0	0	0	0	0	0	0	0	0	0	0	0	0	0	0	1	0	0	0	7	0	0	0	0	0	0	0	0	0	0	0
List_of_highest-grossing_video_game_franchises	4	0	15	0	1	1	0	0	4	0	0	1	2	134	0	0	0	0	0	0	2	10	0	0	0	4	0	0	0	0	1	0	1	0	2	0	47	1	5	1	1	4	3	0	1	0	0	0	0	0	0	0	0	0	0	0	0	0	0	0	0	0	0	0	0	0	1	0	0	0	0	0	0	0	0	0	0	0	0	0	0	0	0	0	3	0	0	0	7	0	0	0	0	0	0	0	0	0	0	0
List_of_most-played_video_games_by_player_count	4	0	1	2	1	1	4	1	2	0	1	1	0	0	0	0	0	0	0	0	1	6	0	0	0	2	0	1	0	1	0	1	1	0	12	0	65	2	5	0	1	3	3	0	1	3	0	2	0	0	0	0	0	0	0	0	0	0	4	0	0	0	0	0	0	0	0	0	0	0	0	0	0	0	0	0	0	0	0	1	0	0	0	0	3	0	0	0	10	0	0	0	0	0	0	0	0	0	0	0
List_of_video_games_considered_among_the_best	52	0	1	9	25	1	4	1	12	12	11	1	16	0	0	0	0	0	0	0	4	2	0	22	0	9	0	1	0	1	0	23	6	0	5	1	0	1	4	1	1	5	32	0	7	12	0	7	28	0	0	0	0	0	0	0	30	0	4	0	0	0	0	0	0	0	0	0	0	0	0	1	0	0	0	0	0	0	0	2	0	0	0	0	6	0	0	0	40	0	0	0	0	29	0	0	0	0	0	0
Massively_multiplayer_online_game	1	0	2	7	0	2	0	3	2	5	3	0	0	3	1	0	3	1	0	0	0	5	0	0	0	2	3	2	0	2	0	3	0	27	76	0	5	2	2	0	0	0	1	0	5	12	0	8	0	2	0	0	0	0	1	1	0	0	0	0	1	1	0	0	1	0	0	0	2	0	0	0	0	0	0	0	0	0	0	3	0	0	0	0	0	0	0	0	5	0	27	0	1	0	0	0	0	0	0	0
Massively_multiplayer_online_role-playing_game	2	0	1	3	0	1	5	1	0	0	2	0	0	1	1	0	1	1	1	0	0	0	1	0	0	2	3	3	1	8	0	3	0	22	43	0	2	0	1	0	0	0	0	0	1	5	0	3	0	1	0	0	0	0	0	1	0	0	5	0	2	2	0	0	2	0	0	0	1	0	0	0	0	0	0	1	0	0	0	1	0	0	0	0	0	0	0	0	12	0	22	0	2	0	0	0	1	0	0	0
Microsoft_Flight_Simulator	0	9	10	2	0	0	2	5	0	3	0	0	0	0	0	0	118	0	1	0	2	2	0	0	0	2	96	0	0	10	0	1	0	9	2	0	0	0	0	0	0	0	2	0	0	1	0	0	21	0	0	0	0	6	4	0	0	1	2	0	0	4	0	0	1	0	0	0	0	0	0	0	0	0	0	0	0	0	5	4	0	0	0	0	88	0	0	0	1	0	9	0	2	0	1	0	2	0	0	0
Mobile_gaming	0	11	2	4	0	2	6	6	1	3	1	0	0	6	10	0	1	3	6	1	0	103	1	0	0	2	0	1	0	5	0	8	0	3	4	0	0	3	8	0	0	1	0	1	1	3	0	3	0	2	0	0	0	0	6	2	2	0	6	2	1	2	0	0	0	0	7	0	0	0	0	0	0	1	0	0	0	6	0	0	1	4	0	0	1	0	0	0	5	0	3	0	2	0	0	0	1	0	0	0
Nim	0	0	0	1	0	0	0	0	0	1	0	0	0	0	0	0	0	0	0	0	0	0	0	0	0	1	0	0	0	0	1	0	0	0	0	0	0	0	0	0	0	0	0	0	0	23	0	0	13	0	0	0	0	0	0	1	15	0	0	0	0	0	0	0	0	0	1	0	0	0	0	0	0	0	0	0	1	0	0	0	0	0	0	0	0	0	0	0	0	0	0	0	0	16	0	8	0	0	0	0
Nintendo	1	0	10	3	0	1	7	11	4	4	3	10	35	2	2	0	0	14	0	2	4	13	1	0	0	3	0	0	0	53	1	9	0	6	2	0	4	2	41	0	1	50	1	0	2	1	1	0	1	7	0	0	0	5	2	3	0	0	7	0	0	7	0	0	1	0	0	0	0	0	1	0	0	8	0	0	0	0	9	2	0	0	0	0	1	0	0	0	5	0	6	0	1	0	1	0	1	0	0	0
Nintendo_Entertainment_System	5	0	1	8	2	0	17	3	2	26	1	8	136	0	1	0	0	23	0	8	18	0	4	0	0	2	0	0	0	3	0	3	0	2	0	0	3	5	48	1	5	10	3	0	1	1	0	0	0	2	3	0	0	1	2	7	0	0	17	0	0	13	0	0	17	0	0	0	0	0	0	0	0	2	0	1	0	0	8	1	0	0	0	0	2	0	1	0	16	0	2	0	5	0	1	1	0	0	0	0
Nintendo_Switch	14	0	0	4	1	1	9	0	3	3	1	146	16	0	2	0	0	19	0	0	7	7	7	0	2	2	0	0	1	10	0	2	0	5	20	0	28	1	55	0	1	13	7	0	1	1	1	0	1	0	1	0	0	1	2	0	0	0	9	0	3	7	0	0	0	0	1	0	0	0	1	0	0	0	0	0	0	0	2	1	0	0	0	0	3	0	0	0	10	0	5	0	2	0	1	0	2	0	0	0
Online_game	5	5	2	4	0	2	5	4	0	2	2	0	0	2	0	0	1	3	0	0	0	5	0	0	0	4	3	2	0	3	0	2	0	5	55	0	0	0	6	0	0	0	6	0	3	13	0	9	0	0	0	0	0	0	0	0	0	0	5	2	0	0	0	0	0	0	0	0	0	0	0	0	0	0	0	0	0	0	0	0	0	0	0	0	4	0	0	0	2	0	5	0	0	0	0	0	0	0	0	0
Ping_pong	0	1	1	3	0	0	0	0	0	0	0	2	0	0	0	0	0	0	0	0	0	0	0	0	0	0	0	0	91	0	87	0	0	0	0	0	0	2	0	0	0	0	0	0	3	0	64	0	4	0	0	0	0	0	0	0	0	0	0	0	0	0	0	0	0	0	0	0	0	0	0	0	0	0	0	0	3	4	0	4	1	0	0	10	0	0	0	0	5	0	0	0	0	0	0	1	0	0	0	0
Platform_game	7	0	15	10	0	1	4	13	2	3	12	2	2	0	0	0	1	11	0	0	4	6	0	0	0	3	3	2	0	2	0	79	0	0	5	0	6	0	13	0	1	4	2	0	1	3	0	2	0	1	0	0	0	1	0	0	0	0	4	0	0	4	0	0	0	0	0	0	1	0	0	0	0	0	0	0	0	0	0	0	0	0	0	0	0	0	0	0	12	0	0	0	0	1	0	1	0	0	0	0
PlayStation	378	0	33	8	2	27	2	8	166	16	0	0	2	0	2	0	0	18	0	0	0	12	8	0	8	10	0	0	0	5	0	5	0	2	19	0	17	8	42	0	0	1	3	0	3	0	1	0	1	2	0	0	0	6	4	0	1	1	2	0	0	7	0	0	1	0	1	0	0	0	0	0	0	0	0	0	0	0	2	4	0	0	0	0	1	0	0	0	16	0	2	0	0	0	1	0	0	0	0	0
PlayStation_4	176	0	4	3	2	24	3	1	129	0	0	3	3	0	1	1	0	12	0	0	6	7	4	0	3	11	0	0	0	4	0	1	0	1	11	0	5	7	29	0	1	0	12	0	3	0	1	0	0	1	0	0	0	7	2	1	1	0	3	0	0	2	0	0	0	0	1	2	0	0	0	1	0	0	0	0	0	0	2	3	0	0	0	0	2	0	0	0	12	0	1	0	1	0	0	0	3	0	0	0
PlayStation_Network	171	0	4	4	0	32	0	0	118	2	0	0	2	0	2	0	0	3	1	0	0	9	7	0	1	7	0	0	0	1	0	1	0	0	25	0	5	7	3	0	0	0	2	0	4	0	1	0	0	1	0	0	0	7	0	2	2	0	0	0	1	1	0	0	1	0	1	0	0	0	0	0	0	0	0	1	0	0	0	3	0	0	0	0	0	0	0	0	6	0	0	0	0	0	0	0	1	0	0	0
Pong	1	0	3	2	0	1	1	1	0	4	0	0	0	0	0	0	0	5	0	1	30	0	0	0	0	0	0	0	3	3	7	0	0	0	0	0	1	0	5	0	1	0	0	0	2	0	2	0	0	3	0	1	0	2	0	0	0	1	1	0	0	0	0	0	0	0	0	0	0	0	0	0	0	1	0	0	0	0	1	0	1	0	0	0	0	0	0	0	7	0	0	0	0	1	0	0	0	0	0	0
Real-time_strategy	1	0	4	3	2	1	1	5	0	4	1	1	0	0	0	0	1	3	0	0	0	0	3	0	4	2	3	1	0	2	0	2	0	1	10	1	1	0	2	0	0	0	1	1	3	65	0	64	0	0	0	0	0	0	1	1	2	0	1	0	0	5	0	0	0	0	0	0	1	0	0	7	0	0	0	0	0	0	0	0	0	0	0	0	0	0	0	0	1	0	1	0	0	1	0	0	1	0	0	0
Rockstar_Games	5	3	26	0	1	1	1	0	0	0	0	0	0	0	1	0	0	0	0	0	0	0	0	0	0	9	0	0	2	5	0	0	79	0	1	0	3	2	0	0	0	0	4	0	1	0	2	0	1	1	0	0	0	1	0	0	0	0	1	0	0	1	0	0	0	0	0	0	0	0	0	0	0	1	0	0	0	0	0	2	0	0	0	0	3	0	0	0	1	0	0	0	0	0	0	0	0	0	0	0
Role-playing_video_game	1	0	21	8	3	1	2	7	0	18	3	0	0	0	2	0	1	8	0	0	1	0	0	0	1	3	3	1	0	3	0	2	0	0	13	4	1	0	15	0	1	0	5	0	2	7	0	14	0	1	0	0	0	0	0	5	0	0	2	0	0	10	0	0	1	0	0	0	0	0	0	3	0	0	0	0	1	0	0	0	0	0	1	0	0	0	0	0	13	0	0	0	0	1	0	0	1	0	0	1
Serious_game	0	0	2	2	0	2	8	1	0	1	1	0	0	0	8	0	2	0	2	0	0	1	0	0	0	5	4	1	0	5	0	1	0	5	6	0	0	1	1	0	0	1	0	0	1	3	0	2	0	2	1	0	0	0	0	1	2	2	8	0	0	3	0	0	0	0	0	0	1	0	0	0	0	0	0	0	0	0	0	1	0	0	0	0	0	0	0	0	5	0	5	0	3	0	0	0	0	0	0	0
Shooter_game	0	0	8	8	0	1	0	0	0	1	2	0	1	0	0	0	1	0	0	0	0	0	0	0	0	2	3	1	0	1	0	3	0	0	5	0	0	0	0	0	0	0	0	0	1	3	0	2	0	0	0	0	0	0	0	0	0	0	0	0	0	0	0	0	1	0	0	0	0	0	0	0	0	0	0	0	0	0	0	3	0	0	0	0	0	0	0	0	11	0	0	0	1	0	0	0	0	0	0	0
Sound_effect	0	0	0	4	0	10	3	1	0	2	0	0	0	0	0	0	0	0	0	110	0	0	0	0	0	1	0	2	0	1	1	0	0	0	0	0	0	0	0	0	0	0	0	0	0	0	0	3	0	0	0	0	0	4	0	0	0	0	3	0	0	3	0	0	0	0	0	0	2	0	0	0	0	3	0	0	0	0	0	1	0	1	0	0	0	0	0	0	1	0	0	0	2	0	0	0	2	0	0	0
Space_Invaders	1	0	5	1	0	17	2	4	0	1	1	0	0	1	0	0	0	2	0	4	18	0	0	0	1	0	0	1	0	5	0	0	0	0	0	0	0	3	0	4	8	0	0	0	1	0	0	0	0	6	0	0	0	0	0	0	0	0	2	0	0	2	0	0	0	0	0	0	2	0	0	1	0	0	0	0	0	0	1	0	0	0	0	2	0	0	0	0	5	0	0	0	1	0	0	0	0	0	0	0
Sports_game	2	0	19	6	0	1	1	6	0	5	1	1	1	0	0	0	6	3	0	0	3	0	0	0	1	2	9	1	0	0	2	1	0	0	8	0	0	0	4	5	0	0	0	0	69	5	7	2	0	1	0	0	0	0	0	0	0	0	1	0	0	4	0	0	1	0	0	0	1	0	0	2	0	0	0	0	1	0	1	7	0	0	0	0	0	0	0	0	4	0	0	0	1	0	0	0	0	0	0	0
Stealth_game	1	0	4	7	0	1	1	1	0	0	1	0	0	0	0	0	1	0	0	2	0	0	0	0	0	2	3	1	0	0	0	3	0	0	4	0	0	0	0	0	0	1	0	0	1	3	0	2	0	0	0	0	0	0	0	0	0	0	1	0	2	0	0	0	0	0	0	0	0	0	0	0	0	0	0	0	0	1	0	0	0	0	0	0	0	0	0	0	11	0	0	0	0	0	0	0	0	0	0	0
Strategy_video_game	0	0	11	2	0	1	3	1	0	12	1	0	0	0	0	0	1	0	0	0	0	0	0	0	0	2	3	1	0	1	0	1	0	0	16	0	0	0	0	0	0	0	0	0	2	92	0	34	0	1	0	0	0	0	0	0	2	0	3	0	0	0	0	0	0	0	0	0	0	0	0	0	0	0	0	0	0	1	0	0	0	0	0	0	0	0	0	0	1	0	0	0	2	0	1	0	0	0	0	0
Super_Nintendo_Entertainment_System	5	1	2	13	2	1	6	5	5	2	0	3	40	0	0	0	0	11	0	4	7	0	0	0	2	2	0	0	0	2	0	1	0	4	0	0	8	2	37	0	1	23	3	0	1	0	0	0	1	1	0	0	0	1	0	0	0	0	6	0	0	6	0	0	0	0	0	0	0	0	0	0	0	1	0	0	3	0	0	0	0	0	0	0	1	0	0	0	13	0	4	0	8	0	0	1	0	0	0	0
Survival_game	0	0	2	5	0	1	0	1	0	0	1	0	0	0	0	0	1	0	0	0	0	0	0	0	0	2	3	1	0	2	0	3	0	0	7	0	0	0	0	0	0	0	0	0	1	3	0	2	0	0	0	0	0	0	0	0	0	0	0	0	0	2	0	0	0	0	0	0	0	0	0	0	0	0	0	0	0	0	0	0	0	0	0	0	0	0	0	0	12	0	0	0	0	0	0	1	0	0	0	0
Tactical_role-playing_game	9	3	23	4	0	1	1	1	0	6	1	1	0	0	1	0	1	4	0	0	0	0	1	0	0	2	4	1	0	4	0	2	0	0	11	1	1	3	4	0	0	3	0	0	1	17	0	14	1	0	0	0	0	0	0	1	0	0	1	0	0	4	0	0	0	0	0	0	0	0	0	1	0	0	0	0	0	0	0	1	0	0	0	0	1	0	0	0	6	0	0	0	0	0	0	0	1	0	0	0
Taito_Corporation	1	0	1	0	0	0	0	0	0	1	1	0	0	1	0	0	0	4	0	0	0	2	0	0	0	1	0	0	0	2	0	0	0	0	0	0	2	0	4	72	0	0	0	0	0	0	0	0	1	0	0	0	0	4	0	0	0	0	0	0	0	0	0	0	0	0	0	0	0	0	0	0	0	0	0	1	0	0	0	0	0	0	0	0	0	0	0	0	2	0	0	0	0	0	0	0	0	0	0	0
Tic-tac-toe	0	0	0	2	0	1	1	0	0	5	1	0	0	0	0	0	0	0	0	0	0	0	0	0	0	0	0	0	0	0	0	0	0	0	0	0	0	0	0	0	0	0	0	0	0	8	0	0	63	0	0	0	0	0	0	2	0	0	1	0	0	0	0	0	2	0	0	0	1	0	0	0	0	0	0	0	0	0	0	0	0	0	0	0	0	0	0	0	8	0	0	0	0	1	0	0	0	0	0	0
Touchscreen	0	0	0	2	0	0	5	5	1	10	0	3	0	1	0	0	3	2	0	4	1	5	16	0	5	0	0	0	0	3	0	0	0	0	0	0	0	0	1	0	0	0	0	2	0	1	0	0	4	1	0	0	0	0	1	5	2	0	5	0	0	10	0	0	0	0	0	1	2	0	1	3	0	0	0	0	2	0	0	1	0	0	1	1	0	0	0	0	2	0	0	0	2	1	0	5	1	0	0	0
Turn-based_strategy	0	0	7	2	0	1	0	0	0	5	2	0	0	0	0	0	1	0	0	0	0	0	0	0	0	2	3	1	0	0	0	1	0	0	8	0	0	0	0	0	0	0	0	0	1	19	0	6	0	1	0	0	0	0	0	0	0	0	0	0	0	1	0	0	0	0	0	0	0	0	0	0	0	0	0	0	0	0	0	0	0	0	0	0	0	0	0	0	1	0	0	0	0	0	0	0	0	0	0	0
Turn-based_tactics	0	0	4	3	0	1	0	2	0	4	1	0	0	0	0	0	1	0	0	0	0	0	0	0	0	2	3	1	0	0	0	1	0	0	9	0	0	0	0	0	0	0	0	0	1	16	0	9	0	1	0	0	0	0	0	0	0	0	0	0	0	0	0	0	0	0	0	0	0	0	0	2	0	0	0	0	0	0	0	0	0	0	0	0	0	0	0	0	0	0	0	0	0	0	2	0	0	0	0	0
User_interface	0	13	2	1	1	0	26	6	0	34	0	2	0	0	12	0	0	0	7	3	0	2	101	0	98	4	0	1	0	4	0	2	0	15	2	0	2	0	4	0	0	0	0	70	0	0	0	5	2	2	0	2	0	0	5	17	0	7	26	1	6	20	2	0	0	0	1	2	4	0	2	4	1	2	0	1	1	0	0	1	0	7	0	0	3	0	0	0	2	0	15	0	3	0	4	0	2	0	0	1
Video_arcade	0	0	2	0	0	1	0	1	0	0	0	0	0	0	0	0	0	2	0	1	0	0	0	0	0	0	0	0	1	1	1	0	0	0	0	0	0	3	3	0	0	0	0	0	0	0	0	0	0	2	0	0	0	0	0	0	0	0	0	0	0	5	0	0	1	0	0	0	0	0	0	0	0	0	0	0	0	0	0	1	0	0	0	0	0	0	0	0	1	0	0	0	1	0	0	0	1	0	0	0
Video_game	4	2	2	7	1	6	9	2	0	24	2	2	1	12	8	1	3	10	1	2	2	15	2	0	3	7	5	3	1	15	0	11	3	13	22	1	1	6	28	0	1	1	5	0	5	10	3	5	1	10	2	0	0	0	2	5	2	1	9	1	0	7	0	0	3	0	1	0	3	0	0	0	0	0	0	0	0	0	1	1	0	1	0	0	3	0	0	0	4	0	13	0	2	0	3	1	2	0	0	0
Video_game_console	50	1	5	12	14	2	10	17	15	17	3	7	22	1	1	1	0	115	0	3	42	6	0	0	1	4	0	1	0	5	0	3	0	11	14	0	13	6	116	0	14	40	32	0	5	4	1	2	3	7	0	0	0	2	2	4	2	1	10	0	0	12	0	0	0	0	1	0	0	0	0	0	0	1	0	0	0	1	1	0	0	0	0	0	6	0	0	0	6	0	11	0	5	0	0	0	3	0	0	0
Video_game_design	0	0	1	2	0	2	193	1	0	3	0	0	0	0	0	0	0	1	0	2	0	0	8	0	8	4	0	1	0	11	0	1	0	2	1	0	0	0	0	0	0	0	0	0	1	1	0	1	1	5	3	0	0	2	0	6	0	3	193	0	0	4	1	0	0	0	0	0	3	2	0	0	0	1	0	0	0	1	6	9	0	1	1	1	0	0	0	0	9	0	2	0	0	0	0	0	0	0	0	0
Video_game_developer	3	0	2	1	1	1	11	1	2	0	0	1	0	0	0	0	0	1	0	0	0	1	0	0	1	3	0	0	0	13	0	3	3	0	0	0	0	0	5	0	0	0	4	0	0	1	0	0	0	13	1	0	0	2	1	1	0	0	11	0	0	1	0	0	0	0	0	0	0	0	0	0	0	2	0	0	0	0	1	1	0	1	0	0	2	0	0	0	8	0	0	0	1	0	0	0	0	0	0	0
Video_game_development	1	0	2	4	0	17	46	4	2	9	0	0	0	2	0	0	0	10	0	11	0	8	4	0	2	9	0	0	0	88	0	2	0	0	7	0	3	1	9	0	0	0	2	0	1	0	0	0	0	19	16	0	0	2	0	5	0	0	46	0	0	2	0	0	8	0	1	2	2	1	1	1	0	4	0	2	0	0	2	10	0	8	0	0	2	0	0	0	9	0	0	0	1	0	14	1	1	0	0	0
Video_game_genre	0	0	1	4	0	2	5	1	0	1	3	0	0	0	0	0	1	0	0	0	0	3	0	0	0	4	3	2	0	1	0	3	0	0	8	0	0	0	4	0	0	0	0	0	4	8	0	5	0	0	0	0	0	0	0	0	0	0	5	0	0	0	0	0	0	0	0	0	0	0	0	0	0	0	0	0	0	0	0	0	0	0	0	0	0	0	0	0	1	0	0	0	0	0	0	0	0	0	0	0
Video_game_graphics	0	0	8	2	0	1	3	42	0	16	6	0	0	0	11	0	3	2	2	0	1	0	0	0	0	5	1	1	0	1	0	1	0	7	0	0	0	0	1	0	0	0	0	0	0	0	0	3	0	0	0	0	0	0	0	0	0	0	3	0	0	5	0	0	0	0	0	0	0	0	0	0	0	0	0	1	3	0	0	0	0	1	0	0	1	0	0	0	4	0	7	0	0	0	0	1	0	0	0	0
Video_game_industry	2	1	10	6	0	9	10	7	3	10	0	0	0	4	2	0	0	18	1	3	6	8	4	0	0	6	0	0	0	27	0	3	0	3	11	1	9	3	17	0	1	1	1	0	1	2	0	0	2	62	1	0	0	1	1	1	0	2	10	1	2	5	0	0	0	0	1	0	0	0	0	0	0	1	0	0	0	0	3	2	0	1	0	0	2	0	0	0	6	0	3	0	1	0	1	0	0	0	0	0
Video_game_music	7	0	8	8	2	226	11	3	1	11	5	0	8	0	1	0	1	11	0	62	5	4	2	0	1	7	0	1	0	11	0	3	0	0	6	0	0	5	13	0	2	0	4	0	1	3	0	3	1	6	0	2	0	1	0	0	0	0	11	0	0	8	0	0	0	0	0	0	0	0	0	1	0	11	0	0	1	0	1	1	0	1	0	0	0	0	0	0	3	0	0	0	10	0	3	0	11	0	0	0
Virtual_reality	7	0	0	0	2	0	6	6	3	12	0	0	0	0	64	1	1	0	6	3	3	0	7	5	1	3	2	6	0	9	0	1	0	78	1	0	0	1	4	0	0	2	0	1	0	0	0	3	0	2	0	1	0	0	1	12	0	3	6	0	6	11	2	0	0	0	0	2	4	0	0	0	1	2	0	1	1	0	0	1	0	6	0	0	2	0	0	0	0	0	78	0	4	0	1	0	1	0	0	2
Xbox	14	20	2	3	53	6	0	1	1	0	0	3	1	0	0	27	0	10	0	0	8	2	4	0	3	2	0	0	0	3	0	1	0	2	12	0	11	0	36	0	1	2	184	0	0	0	0	0	4	0	0	0	0	5	1	3	0	1	0	0	0	2	0	0	0	0	1	0	0	0	0	0	0	1	0	1	0	0	1	2	0	0	0	0	30	0	0	0	27	0	2	0	1	0	1	0	1	0	0	0
Xbox_360	8	25	2	6	111	13	1	1	1	0	0	1	1	0	0	10	1	12	0	0	6	6	2	0	6	3	0	0	0	5	0	6	0	1	8	0	12	1	28	0	1	0	207	0	0	0	0	0	3	0	0	0	0	5	1	3	0	1	1	0	0	2	0	0	1	0	0	0	0	0	0	0	0	0	0	0	0	0	2	2	0	0	0	0	45	0	0	0	13	0	1	0	1	0	0	0	0	0	0	0
Xbox_One	16	21	0	2	23	0	15	3	5	1	0	4	1	2	2	29	0	18	0	2	6	2	12	0	10	2	0	0	1	3	0	2	0	2	3	1	5	1	45	0	1	0	206	1	0	0	0	0	17	1	0	1	0	6	4	1	0	2	15	0	0	3	0	0	2	0	1	0	0	0	0	0	0	0	0	0	0	0	1	2	0	2	0	0	50	0	0	0	10	0	2	0	4	0	0	0	6	0	0	0
Ada_Lovelace	0	1	4	1	0	0	1	0	0	23	0	0	0	0	0	0	0	0	1	0	0	0	0	0	0	0	0	0	0	2	0	1	0	0	0	0	0	1	0	0	0	1	0	0	0	0	0	0	0	0	0	1	0	0	1	0	0	1	1	0	0	1	6	0	0	0	0	1	13	0	0	1	0	0	0	0	0	0	0	0	0	3	0	0	0	0	0	1	1	0	0	80	1	0	1	0	0	73	0	0
Adaptive_software_development	0	0	1	1	0	0	2	0	0	1	0	0	0	0	0	0	0	0	0	0	0	0	2	0	0	0	0	0	0	8	0	0	0	0	0	0	0	0	0	0	0	0	0	0	0	0	0	0	0	0	3	0	0	0	0	0	0	2	2	0	0	1	0	1	0	0	0	0	2	3	0	0	1	1	0	2	0	0	0	0	0	0	0	0	0	0	0	0	0	0	0	0	0	0	1	0	0	0	0	0
Agile_software_development	0	0	1	5	0	0	17	0	0	6	0	0	0	0	0	0	0	0	0	1	0	0	4	0	0	1	0	0	0	128	0	0	0	0	0	0	0	1	0	0	0	0	0	0	0	2	0	0	1	0	14	0	1	0	0	13	1	12	17	1	1	10	0	24	2	0	0	0	3	124	0	0	1	15	0	18	0	0	25	37	3	2	2	1	0	0	5	1	2	0	0	0	6	0	4	3	2	0	0	0
Algorithm	0	0	1	6	0	0	9	0	0	36	0	0	0	0	0	0	1	0	0	1	0	0	0	0	0	1	0	0	5	7	0	0	0	0	0	0	0	2	0	0	0	0	0	0	0	1	0	0	1	1	3	21	0	0	2	5	9	2	9	0	0	4	159	0	7	0	0	132	5	0	0	0	0	0	1	1	5	1	0	0	0	17	2	4	0	0	3	0	18	0	0	1	20	9	6	1	1	2	0	0
Algorithmic_efficiency	0	0	0	3	0	0	4	2	0	22	0	0	0	1	3	0	0	0	0	0	0	0	1	0	0	0	0	0	5	3	0	3	0	9	0	0	1	0	0	0	0	0	0	1	0	0	0	3	2	0	0	2	0	0	1	9	3	5	4	1	6	10	43	0	1	0	0	22	4	0	0	0	7	1	0	4	5	0	1	1	0	9	1	2	0	0	1	0	8	0	9	1	31	32	8	2	17	1	0	1
Analytical_Engine	0	0	0	1	0	0	6	0	0	18	0	0	0	0	1	0	0	0	0	0	0	0	5	0	2	0	0	0	0	1	0	0	0	1	2	0	0	6	0	0	0	0	0	0	0	0	0	0	0	0	1	1	0	0	1	1	0	1	6	0	0	1	0	0	1	0	0	0	11	0	0	0	1	0	0	0	0	1	1	0	0	2	0	2	0	0	0	0	0	0	1	3	4	0	0	0	0	5	0	0
Assembly_language	1	2	3	1	0	0	5	0	0	18	0	4	0	0	0	0	1	0	0	0	1	1	1	0	1	1	0	0	3	7	0	2	0	3	3	0	0	0	0	0	0	0	0	2	0	0	0	3	0	0	0	1	2	0	12	2	15	2	5	2	2	28	1	0	0	5	1	4	2	0	0	0	9	0	2	0	0	103	0	0	0	100	1	4	0	0	3	0	1	0	3	1	28	0	62	7	2	0	1	1
Build_automation	0	0	0	1	0	0	1	0	0	2	0	0	0	0	0	0	0	0	0	0	0	0	2	0	0	0	0	0	0	2	0	0	0	0	0	0	0	0	0	0	0	0	0	0	0	0	0	0	0	0	5	0	0	0	0	0	0	4	1	0	0	0	0	1	0	0	0	0	1	1	0	1	1	2	0	1	0	0	2	0	0	0	0	0	0	0	1	0	3	0	0	0	0	0	5	0	0	0	0	0
COBOL	0	1	2	8	0	0	7	0	0	23	0	1	0	3	0	0	0	0	0	0	0	0	7	0	1	0	0	0	4	12	0	0	0	0	1	0	1	2	4	0	0	0	0	4	0	0	0	0	17	1	0	0	1	0	2	6	10	0	7	3	0	13	0	0	5	137	0	0	5	0	0	0	4	1	1	0	0	1	0	0	0	38	0	2	0	0	0	6	3	0	0	0	80	1	31	6	0	0	2	0
C_(programming_language)	0	3	0	1	0	0	1	0	0	4	0	3	0	0	0	0	0	0	3	0	0	0	0	0	3	0	0	0	1	5	0	3	0	1	0	0	0	0	0	0	0	0	0	2	0	1	0	0	7	0	2	2	1	16	9	3	217	0	1	6	0	11	0	0	2	1	0	2	0	0	0	0	17	0	1	1	1	5	0	0	0	45	1	1	4	6	0	0	5	2	1	0	25	4	27	11	0	0	0	0
Charles_Babbage	0	1	5	5	0	2	5	0	0	7	0	0	0	0	0	0	0	0	0	0	0	0	0	0	0	0	0	1	4	2	0	0	0	0	1	0	0	1	0	0	0	0	0	0	0	1	0	0	0	0	1	2	0	0	0	2	2	1	5	0	0	0	1	0	0	0	0	0	17	0	0	0	0	0	0	1	0	0	0	0	0	1	1	0	0	0	0	0	1	0	0	4	4	0	0	0	0	9	0	0
Command_line	0	40	2	0	0	0	0	0	0	21	2	11	0	0	0	0	0	0	0	0	0	0	42	0	46	10	0	1	0	2	0	0	0	3	1	0	0	0	4	0	0	0	0	19	0	0	0	1	0	0	0	0	1	0	30	9	8	2	0	1	1	44	0	0	0	0	2	0	0	0	0	123	0	0	0	0	0	0	0	0	0	17	0	1	8	0	0	0	10	0	3	0	8	0	1	1	0	0	0	0
Comment_(computer_programming)	0	3	0	1	0	0	1	0	0	3	0	0	0	0	0	0	0	0	0	0	0	0	3	0	1	0	0	0	0	3	0	0	0	0	0	0	0	0	0	0	0	0	0	0	0	0	0	0	1	0	0	1	1	0	1	2	26	0	1	11	2	2	1	0	1	0	1	0	0	0	0	2	0	1	113	0	0	1	0	1	0	15	0	1	1	0	0	0	4	0	0	4	3	5	74	1	1	0	70	0
Compiled	0	1	1	5	1	0	21	0	0	20	0	0	0	0	0	0	0	0	1	0	0	0	3	0	0	0	0	0	2	21	0	4	0	3	0	0	0	1	0	0	0	0	0	3	0	0	0	0	0	1	1	0	5	0	6	7	19	4	21	6	2	6	1	0	0	4	0	1	3	0	0	1	121	4	1	1	3	6	0	5	0	80	0	3	2	0	1	0	3	0	3	15	4	1	53	6	1	0	0	0
Compiler	0	1	1	5	1	0	21	0	0	20	0	0	0	0	0	0	0	0	1	0	0	0	3	0	0	0	0	0	2	21	0	4	0	3	0	0	0	1	0	0	0	0	0	3	0	0	0	0	0	1	1	0	5	0	6	7	19	4	21	6	2	6	1	0	0	4	0	1	3	0	0	1	121	4	1	1	3	6	0	5	0	80	0	3	2	0	1	0	3	0	3	15	4	1	53	6	1	0	0	0
Compiler_construction	0	1	1	5	1	0	21	0	0	20	0	0	0	0	0	0	0	0	1	0	0	0	3	0	0	0	0	0	2	21	0	4	0	3	0	0	0	1	0	0	0	0	0	3	0	0	0	0	0	1	1	0	5	0	6	7	19	4	21	6	2	6	1	0	0	4	0	1	3	0	0	1	121	4	1	1	3	6	0	5	0	80	0	3	2	0	1	0	3	0	3	15	4	1	53	6	1	0	0	0
Computer_program	0	0	2	0	0	1	1	1	0	63	0	1	0	0	0	0	0	0	0	0	0	4	4	0	2	1	0	0	0	4	0	0	0	1	0	0	0	0	2	0	0	0	0	0	0	0	0	0	3	2	2	1	1	0	11	3	4	4	1	4	0	6	4	0	0	1	0	1	0	0	0	0	4	0	0	0	1	2	1	0	0	13	7	0	2	0	0	0	2	0	1	1	4	0	21	2	0	1	0	0
Computer_programming	0	1	1	3	0	0	8	2	0	41	0	0	0	0	2	0	0	0	0	0	0	0	7	0	1	0	0	0	0	17	0	2	0	2	1	0	0	0	0	0	0	0	0	0	0	0	0	1	1	0	6	4	0	1	5	9	5	11	8	1	7	7	5	2	2	2	0	12	7	4	2	1	4	7	1	7	2	3	0	2	0	28	2	0	0	1	0	2	1	1	2	2	13	0	25	2	2	2	0	1
Computer_science	0	0	2	2	0	0	17	7	0	162	0	0	0	0	3	0	0	0	0	0	0	2	5	0	2	0	0	0	0	10	0	1	0	3	0	0	0	2	0	0	0	0	0	0	0	0	0	1	1	0	3	7	0	0	3	41	1	45	17	0	11	30	4	1	1	0	0	11	129	2	3	0	3	4	0	2	3	0	0	1	0	13	5	0	0	0	1	1	6	0	3	1	27	1	2	3	7	1	0	3
Computer_security	0	0	4	9	0	0	20	2	0	87	0	2	0	4	2	0	1	0	0	0	0	4	12	0	1	1	0	0	0	3	0	5	0	4	4	0	3	8	0	0	1	0	0	0	0	3	0	2	0	5	4	2	0	0	12	56	0	14	20	0	173	65	3	0	5	0	0	4	2	0	0	4	1	2	0	3	1	0	0	10	0	7	1	0	0	0	2	0	8	0	4	0	47	0	7	1	1	0	0	1
Computing	0	1	0	1	0	0	8	4	0	84	0	0	0	0	2	0	0	0	0	0	0	0	3	0	0	0	0	0	0	8	0	5	0	2	1	0	0	0	0	0	0	0	0	0	0	0	0	1	0	7	1	1	1	0	2	32	3	17	8	1	6	22	3	0	0	0	0	4	14	0	0	0	1	3	0	2	1	0	0	2	0	9	0	0	1	0	0	0	3	0	2	0	16	0	5	0	2	0	0	1
Concurrent_computing	0	0	1	1	0	0	6	0	0	10	0	0	0	0	0	0	0	0	0	0	0	0	0	0	2	0	0	0	0	1	0	1	0	1	0	0	0	0	0	0	0	0	0	0	0	0	0	0	0	1	0	9	1	0	5	0	6	1	6	6	2	9	10	0	0	0	0	9	8	0	0	1	1	0	0	0	10	1	0	0	0	12	10	0	0	0	0	0	6	0	1	0	2	1	1	0	3	0	0	66
Continuous_delivery	0	0	0	1	0	0	0	0	0	0	0	0	0	0	0	0	0	0	0	0	0	0	1	0	0	0	0	0	0	3	0	0	0	0	0	0	0	0	0	0	0	0	0	0	0	3	0	0	0	0	7	0	0	0	0	0	0	1	0	0	0	2	0	0	4	0	0	0	0	0	0	0	0	2	0	2	0	0	4	9	0	0	0	1	0	0	1	0	0	0	0	0	1	0	4	0	0	0	0	0
Continuous_integration	0	1	1	4	0	0	3	0	0	1	0	0	0	0	0	0	0	0	0	0	0	0	1	0	0	0	0	0	0	7	0	0	0	1	0	0	0	0	0	0	0	0	0	0	0	0	0	0	0	0	9	0	0	0	0	0	0	3	3	0	0	2	0	1	10	0	0	0	1	1	0	1	1	10	0	2	0	0	3	2	0	0	1	0	0	0	13	0	0	0	1	0	0	0	26	0	1	0	0	0
Control_flow	0	0	1	2	0	0	0	0	0	7	0	6	0	0	0	0	0	0	0	0	0	0	0	0	1	0	0	0	8	0	0	0	0	0	0	0	0	0	0	0	0	0	0	0	0	1	0	0	18	0	1	1	8	0	0	1	31	0	0	11	1	0	4	0	15	2	0	0	4	0	0	1	3	0	0	0	1	1	0	0	0	19	4	96	0	0	0	0	1	0	0	14	2	7	13	3	0	0	0	0
Debugging	0	0	0	3	0	0	2	0	0	10	0	0	0	0	0	0	0	1	0	0	0	0	5	0	1	3	0	0	0	1	0	1	0	0	0	0	0	0	0	0	0	0	1	0	0	0	0	1	0	0	9	1	0	0	2	3	4	3	2	1	0	7	3	1	8	0	0	0	2	1	0	3	3	1	0	1	1	1	0	0	0	3	0	0	2	0	0	1	0	0	0	0	1	0	8	0	1	0	0	0
Decomposition_(computer_science)	0	0	1	0	0	0	2	0	0	4	0	0	0	0	0	0	0	0	0	0	0	0	0	0	0	0	0	0	0	0	0	0	0	0	0	0	0	0	0	0	0	0	0	0	0	1	0	0	0	0	0	0	0	0	0	1	0	1	2	0	0	2	0	0	0	0	0	0	2	0	0	0	0	0	0	2	0	0	0	0	0	0	5	0	0	0	0	0	0	0	0	0	3	0	2	4	0	0	0	0
Dynamic_systems_development_method	0	0	0	2	0	0	1	0	0	1	0	0	0	0	1	0	0	0	0	0	0	0	11	0	0	1	0	0	0	27	0	0	0	0	1	0	0	0	0	0	0	0	0	2	0	0	0	0	0	1	5	0	0	0	0	4	0	5	1	0	0	9	0	2	2	0	0	0	2	16	0	0	1	9	1	13	0	1	2	10	0	0	1	0	0	0	0	0	0	0	0	0	1	0	1	0	0	0	0	0
Engineering	0	0	1	0	0	1	34	0	0	14	0	0	0	0	0	0	0	0	0	0	0	0	0	0	0	0	0	0	0	15	0	0	0	0	1	0	0	3	0	0	0	0	0	0	0	0	0	0	0	6	1	5	0	0	1	9	2	215	34	0	2	19	0	0	1	0	0	0	58	0	0	0	0	2	1	5	0	1	5	0	0	1	1	0	0	0	3	0	11	0	0	0	3	0	2	1	0	0	0	0
Executable	0	0	0	0	0	0	0	0	0	2	0	0	0	0	0	0	0	0	0	0	0	0	0	0	1	0	0	0	0	1	0	0	0	3	0	0	0	0	0	0	0	0	0	1	0	0	0	0	0	0	0	0	0	0	3	0	2	0	0	1	0	3	0	0	0	0	0	0	0	0	0	0	4	0	0	0	0	3	0	0	0	8	0	0	0	0	0	0	0	0	3	0	2	0	15	7	0	0	0	0
Functional_programming	0	0	1	3	0	0	3	0	0	7	0	0	0	0	0	0	0	0	0	0	0	0	1	0	0	1	0	0	0	6	0	0	0	1	0	0	0	2	0	0	0	0	0	0	0	4	0	0	23	2	0	17	7	0	0	3	8	0	3	2	0	3	1	0	0	0	0	1	3	0	0	0	5	0	0	0	2	1	0	0	0	23	98	2	0	0	0	0	17	0	1	0	15	77	6	0	1	0	0	8
Grace_Hopper	0	1	1	3	0	0	1	0	0	34	0	0	0	0	0	0	0	0	0	0	0	0	1	0	0	0	0	0	0	7	1	0	0	0	0	0	0	5	1	0	0	0	0	0	0	0	0	0	0	4	3	0	0	0	1	6	7	7	1	0	0	10	0	1	1	8	0	0	9	2	0	2	7	2	0	1	0	1	0	3	0	15	1	0	1	0	2	85	3	0	0	1	7	0	6	2	0	1	0	0
High-level_language	0	0	0	0	0	0	0	0	0	10	0	0	0	0	0	0	0	0	0	0	0	0	0	0	0	0	0	0	0	0	0	0	0	1	0	0	0	0	0	0	0	0	0	0	0	0	0	0	0	0	0	1	1	0	0	0	6	1	0	4	0	2	0	0	0	2	0	0	3	0	1	0	5	0	0	0	0	9	0	0	0	35	1	0	0	0	0	0	2	0	1	0	4	0	22	0	0	0	0	1
History_of_programming_languages	0	0	0	1	0	0	8	1	0	11	0	0	0	0	0	0	0	0	0	0	0	0	1	0	2	0	0	0	0	5	0	1	0	0	0	0	0	1	0	0	0	0	0	0	0	0	0	0	0	1	0	2	9	0	5	2	17	1	8	6	1	12	0	0	0	7	0	1	3	0	0	0	6	0	0	0	2	5	0	3	0	47	7	0	0	0	0	4	2	0	0	7	1	0	14	3	1	1	0	2
Information_security	0	3	1	2	0	0	8	2	0	21	0	0	0	0	3	0	0	0	0	1	0	4	9	0	0	0	0	0	0	7	0	1	0	2	1	0	0	6	0	0	0	0	0	0	0	3	0	1	0	8	7	2	0	0	3	219	2	7	8	0	190	41	3	0	3	0	0	3	1	0	0	0	1	3	1	10	1	0	1	6	0	5	2	0	0	0	2	0	2	0	2	0	34	0	2	0	2	0	0	1
Interpreter_(computing)	0	0	0	2	0	0	5	3	0	13	0	3	0	0	2	0	0	0	1	0	0	0	1	0	1	0	0	0	3	6	0	1	0	8	1	0	0	0	0	0	0	0	0	0	0	0	0	1	0	0	1	1	11	0	5	8	3	1	5	3	7	10	2	0	0	1	0	2	2	0	0	4	22	2	0	1	1	1	0	1	0	47	1	0	0	0	0	0	0	0	8	0	7	4	71	8	1	0	0	1
Java_(programming_language)	0	4	0	0	0	0	2	2	0	3	0	0	0	0	0	0	0	0	0	0	0	2	3	0	4	0	0	0	0	9	0	22	0	14	0	0	0	0	2	0	0	0	0	1	0	0	0	0	0	0	0	0	1	2	5	1	16	0	2	198	3	5	0	0	0	1	1	0	0	0	0	2	7	0	3	0	1	1	0	0	0	23	1	0	5	2	0	0	5	0	14	0	8	1	18	13	7	0	5	1
Lean_software_development	0	0	0	3	0	0	4	0	0	1	0	0	0	0	1	0	0	0	0	0	0	0	2	0	0	0	0	0	0	36	0	0	0	0	0	0	0	0	0	0	0	0	0	0	0	0	0	0	0	1	5	0	0	0	0	3	0	2	4	0	0	5	0	2	0	0	0	0	1	10	0	0	1	3	0	4	0	0	4	10	0	0	0	0	0	0	3	0	1	0	0	0	1	0	9	0	0	0	0	0
Lisp_(programming_language)	0	0	3	1	0	0	4	0	0	14	0	0	0	0	0	0	0	0	0	0	1	0	4	0	3	1	0	0	4	6	0	0	0	2	0	0	0	0	0	0	0	0	0	1	0	0	0	0	7	0	0	2	273	0	2	4	24	2	4	7	0	15	1	0	0	1	0	2	3	0	0	3	9	1	0	2	0	4	0	2	0	44	7	10	0	0	0	0	83	0	2	0	26	11	31	19	1	0	0	0
List_of_programming_languages	0	0	0	0	0	0	0	0	0	1	0	0	0	0	0	0	0	0	0	0	0	0	0	0	0	1	0	0	0	0	0	1	0	0	0	0	0	0	0	0	0	0	0	0	0	0	0	0	2	0	0	0	8	1	0	0	13	0	0	3	0	2	1	0	0	3	0	0	0	0	0	0	0	0	0	0	1	5	0	0	0	32	0	0	2	0	0	0	7	0	0	1	2	1	1	3	0	0	0	1
Logic	0	0	1	1	0	1	2	0	0	14	0	0	0	0	1	0	0	0	0	1	0	1	0	0	0	1	0	0	0	7	0	0	0	0	3	0	0	2	0	0	0	0	0	0	0	0	0	0	14	0	0	283	0	0	0	2	3	1	2	0	0	10	0	0	0	0	0	0	12	0	0	0	0	0	0	0	0	0	0	0	0	18	0	0	0	0	0	0	5	0	0	0	0	2	0	0	0	0	0	0
Logic_programming	0	0	0	0	0	0	2	0	0	3	0	0	0	0	0	0	0	0	0	0	0	0	0	0	0	0	0	2	0	4	0	0	0	1	0	0	0	0	0	0	0	0	0	0	0	2	0	0	23	0	1	144	1	0	0	0	2	3	2	0	0	4	1	0	1	0	0	0	1	0	0	0	1	0	0	0	4	1	0	0	0	15	6	0	0	0	0	0	2	0	1	0	2	0	0	1	0	0	0	24
Machine_code	0	0	0	2	0	0	3	0	0	13	0	0	0	0	0	0	0	0	0	0	0	0	0	0	4	0	0	0	1	0	0	0	0	3	0	0	0	0	0	0	0	0	0	0	0	0	0	0	0	0	0	1	0	0	1	0	0	0	3	2	0	4	0	0	0	0	0	0	2	0	0	0	3	0	0	0	0	10	0	0	0	19	1	0	0	0	0	0	2	0	3	0	5	0	54	2	1	0	0	1
Maintainability	0	0	0	0	0	0	1	0	0	0	0	0	0	0	0	0	0	0	0	0	0	0	0	0	0	0	0	0	0	0	0	0	0	0	0	0	0	0	0	0	0	0	0	0	0	0	0	0	0	0	1	0	0	0	0	0	1	6	1	0	0	3	0	0	0	0	0	0	0	0	0	0	0	1	0	2	0	0	1	0	0	0	1	0	0	0	0	0	1	0	0	0	0	0	3	0	0	0	0	0
Memory_leak	0	2	0	1	0	0	1	3	0	5	0	0	0	0	0	0	0	0	0	0	0	0	1	0	0	0	0	0	1	1	0	0	0	7	0	0	0	0	0	0	0	0	0	0	0	0	0	0	0	0	1	0	0	2	10	2	18	0	1	2	0	9	1	0	0	0	0	0	1	0	0	0	3	0	0	0	0	0	0	0	0	2	0	0	0	0	0	0	0	0	7	1	2	3	10	13	4	0	0	1
Model-driven_development	0	0	0	1	0	0	4	0	0	2	0	0	0	0	0	0	0	0	0	0	0	0	2	0	0	0	0	0	0	8	0	1	0	0	0	0	0	1	0	0	0	0	0	0	0	0	0	1	0	0	3	1	0	0	0	1	1	10	4	0	0	6	0	1	0	0	0	0	1	2	0	0	1	1	0	1	0	0	2	0	0	7	0	0	0	0	0	0	1	0	0	0	0	0	2	2	0	0	0	0
Naming_conventions_(programming)	0	0	0	1	0	0	0	0	0	3	0	0	0	0	0	0	0	0	0	0	0	0	0	0	0	0	0	0	0	1	0	0	0	0	0	0	0	0	0	0	0	0	0	0	0	0	0	0	0	0	1	0	3	0	0	3	17	0	0	9	0	1	0	0	0	2	0	0	1	0	0	0	1	1	0	2	0	0	2	1	0	5	0	0	1	0	0	0	3	0	0	2	5	1	13	2	0	0	0	0
NetBeans	0	4	0	1	0	0	4	1	0	2	0	0	0	0	0	0	0	0	0	0	0	2	3	0	1	0	0	0	1	21	0	16	0	2	0	0	0	0	0	0	0	0	0	0	0	0	0	0	0	0	1	1	0	20	2	1	7	0	4	44	1	3	0	0	0	0	1	1	0	0	0	0	0	0	0	0	0	0	0	1	0	4	0	0	2	89	0	0	4	2	2	0	2	0	11	1	0	0	0	0
Network_security	0	0	1	1	0	0	1	0	0	6	0	0	0	0	0	0	0	0	0	0	0	4	3	0	0	0	0	0	0	0	0	0	0	0	0	0	0	0	0	0	0	0	0	0	0	0	0	0	0	0	0	1	0	0	1	3	0	0	1	0	38	1	0	0	0	0	0	0	0	0	0	0	0	0	0	0	0	0	0	0	0	0	0	0	0	0	0	0	0	0	0	0	5	0	0	0	0	0	0	0
Object-oriented_programming	0	0	0	3	0	0	24	1	0	10	0	0	0	0	0	0	0	0	0	0	0	0	2	0	2	0	0	0	2	7	0	1	0	0	1	0	0	1	0	0	0	0	0	3	0	1	0	0	1	0	1	9	8	0	0	6	11	9	24	9	1	13	0	1	0	2	0	0	4	2	0	5	8	4	0	1	1	1	1	0	0	32	9	0	1	0	0	1	4	0	0	2	40	0	24	74	0	0	0	6
Operating_system	0	47	5	5	0	1	8	6	0	65	0	7	0	0	2	0	0	1	0	3	0	2	40	0	22	1	0	0	0	17	0	1	0	18	0	0	0	1	1	0	0	0	0	4	0	2	0	17	9	1	0	1	0	0	220	19	5	4	8	2	22	167	2	0	0	0	1	3	7	0	0	5	1	1	0	3	2	2	2	1	0	13	1	2	13	0	0	0	6	0	18	0	16	0	18	0	2	0	0	1
Pair_programming	0	0	0	1	0	0	4	0	0	0	0	1	0	0	0	0	0	0	0	0	0	0	0	0	0	0	0	0	0	2	0	0	0	1	1	0	0	0	0	0	0	0	0	0	0	0	0	0	0	1	2	0	0	0	0	2	0	0	4	0	0	0	0	0	0	0	0	0	0	1	0	0	0	3	0	0	0	0	0	2	0	0	1	0	0	0	0	0	0	0	1	0	0	0	4	0	0	0	0	0
Parallel_computing	1	0	1	4	0	0	1	6	1	47	0	1	0	0	0	0	0	0	0	0	0	0	1	0	2	0	0	0	0	0	0	1	0	0	3	0	1	1	0	0	0	0	0	0	0	0	0	0	0	0	0	1	0	0	3	4	14	2	1	0	0	18	6	0	0	0	0	8	2	0	0	0	3	0	0	0	109	0	0	1	0	3	0	1	0	0	0	0	3	0	0	0	15	1	2	1	6	0	0	9
Performance_engineering	0	1	0	1	0	0	3	0	0	3	0	0	0	0	0	0	0	0	0	0	0	1	5	0	0	0	0	0	0	10	0	0	0	0	0	0	0	0	0	0	0	0	0	0	0	1	0	0	0	0	5	0	0	0	2	2	0	42	3	1	0	16	0	0	11	0	0	0	0	0	0	0	0	3	0	12	1	0	0	7	0	1	5	0	1	0	4	0	0	0	0	0	8	1	0	0	74	0	0	1
Procedural_programming	0	0	1	1	0	0	0	0	0	2	0	0	0	0	0	0	0	0	0	0	0	0	0	0	1	0	0	0	0	0	0	0	0	0	0	0	0	0	0	0	0	0	0	1	0	0	0	0	0	0	0	15	1	0	0	0	1	0	0	2	0	0	0	0	0	1	0	0	0	0	0	0	0	0	0	0	1	1	0	0	0	3	19	0	0	0	0	0	0	0	0	0	4	0	5	2	0	0	0	5
Profiling_(computer_programming)	0	0	0	0	0	0	0	0	0	1	0	1	0	0	0	0	0	0	0	0	0	0	1	0	5	0	2	0	1	0	0	1	0	2	0	0	0	0	0	0	0	0	0	0	0	0	0	0	2	0	1	0	0	0	2	8	0	3	0	5	0	0	1	0	0	0	0	0	0	0	0	0	5	0	0	0	2	1	0	0	0	2	0	0	0	0	0	0	2	0	2	0	9	2	25	2	16	0	0	0
Programming_language	0	0	0	1	0	0	11	0	0	26	0	0	0	0	0	0	0	0	0	0	0	0	1	0	1	1	0	0	0	5	0	0	0	2	1	0	0	1	0	0	0	0	0	0	0	1	0	1	3	1	0	5	8	0	2	3	25	3	11	9	1	8	3	0	0	2	0	3	3	0	0	0	5	0	0	0	1	5	1	1	0	142	7	0	0	0	0	2	9	0	2	3	22	0	19	1	1	0	0	2
Programming_language_theory	0	0	0	1	0	0	5	0	0	14	0	0	0	0	0	0	0	0	0	0	0	0	0	0	0	0	0	0	0	3	0	0	0	1	1	0	0	0	0	0	0	0	0	1	0	0	0	0	0	0	0	6	2	0	0	1	10	2	5	0	0	7	2	0	0	0	0	1	7	0	0	0	4	0	0	0	0	0	0	2	0	44	7	0	0	0	0	0	0	0	1	0	0	0	1	3	1	0	0	0
Programming_paradigm	0	0	1	1	0	0	9	4	0	15	0	0	0	0	4	0	0	0	0	0	0	0	1	0	0	0	0	0	0	10	0	2	0	4	0	0	0	0	0	0	0	0	0	0	0	0	0	2	0	0	1	16	2	0	2	17	10	9	9	3	12	12	5	1	0	2	0	5	3	2	0	0	3	4	0	3	9	7	0	2	0	36	13	0	0	0	0	1	1	0	4	0	10	0	15	10	2	0	0	8
Programming_style	0	0	0	2	0	0	0	0	0	2	0	0	0	0	0	0	0	0	0	0	0	0	1	0	0	0	0	0	1	0	0	0	0	0	0	0	0	0	0	0	0	0	0	0	0	0	0	0	4	0	0	1	0	0	0	0	7	0	0	0	0	0	0	0	2	0	0	0	0	0	0	0	0	0	1	0	0	0	0	0	0	3	0	0	0	0	0	0	0	0	0	0	0	0	32	0	0	0	1	0
Programming_tool	0	0	0	3	0	0	3	0	0	9	0	0	0	0	0	0	0	0	0	0	0	0	2	0	2	0	0	0	0	13	0	0	0	0	0	0	0	0	0	0	0	0	0	0	0	0	0	0	0	0	5	0	0	1	0	5	4	9	3	1	0	6	0	2	0	0	0	0	3	3	0	1	3	3	0	2	0	0	0	0	0	7	1	0	1	0	0	1	10	1	0	0	2	0	18	3	2	0	0	0
Requirements_analysis	0	0	0	3	0	0	21	2	0	11	0	0	0	0	2	0	0	0	0	0	0	0	6	0	1	0	0	0	0	18	0	1	0	2	0	0	0	0	0	0	0	0	0	0	0	0	0	1	0	0	4	2	0	0	1	10	2	32	21	0	6	25	2	2	2	0	0	2	3	5	0	0	2	9	1	112	1	0	7	1	0	11	10	0	2	0	1	1	9	0	2	0	7	1	4	2	5	0	0	1
Scripting_language	0	5	1	1	0	0	0	0	0	4	0	0	0	0	0	0	0	0	0	0	0	0	9	0	2	1	0	0	0	3	0	0	0	1	0	0	0	0	0	0	0	0	0	1	0	0	0	0	0	1	0	2	6	0	9	1	8	0	0	2	0	8	0	0	0	0	0	0	0	0	0	5	1	0	0	0	0	1	0	0	0	67	1	1	1	0	0	0	1	0	1	0	2	0	9	1	0	0	0	1
Scrum_(software_development)	0	0	0	12	0	0	7	0	0	4	0	0	0	0	0	0	0	0	0	0	0	0	4	0	0	0	0	0	1	55	0	0	0	0	1	0	0	0	0	0	0	0	0	0	0	0	0	0	0	0	7	0	0	0	0	3	1	5	7	0	0	4	0	139	0	0	0	0	2	15	0	1	1	7	0	10	0	0	103	103	101	1	2	0	0	0	1	1	7	0	0	0	3	0	6	3	1	0	0	0
Software_bug	0	0	0	2	0	0	8	1	0	22	0	0	0	0	0	0	2	0	0	0	0	0	5	0	0	0	0	0	0	8	0	1	0	0	1	0	0	2	1	0	0	0	0	0	0	0	0	0	2	4	12	3	0	0	2	1	1	6	8	1	5	9	1	1	2	0	0	1	1	3	0	0	2	5	2	1	0	0	3	2	0	2	0	0	0	0	2	3	6	0	0	1	6	0	32	0	2	0	0	1
Software_construction	0	0	1	2	0	0	14	0	0	6	0	0	0	0	0	0	0	0	0	0	0	0	1	0	0	1	0	0	0	8	0	0	0	0	0	0	0	0	0	0	0	0	0	1	0	0	0	0	0	0	28	0	0	0	0	4	3	9	14	1	1	1	0	2	6	0	0	0	1	1	0	0	1	8	0	6	0	1	1	0	0	5	1	0	2	0	0	0	0	0	0	0	8	0	38	0	0	0	0	0
Software_deployment	0	2	0	3	0	0	2	0	0	8	0	0	0	0	0	0	0	0	0	0	0	0	5	0	2	0	0	0	0	9	0	0	0	0	0	0	0	0	0	0	0	0	0	0	0	0	0	0	0	0	4	0	0	1	3	3	1	7	2	1	1	20	0	2	2	0	2	0	3	4	0	1	1	3	0	3	2	1	1	0	0	1	1	0	0	0	0	1	0	0	0	0	2	0	1	2	1	0	0	0
Software_design	0	0	0	3	0	0	212	2	0	11	0	0	0	0	2	0	0	0	0	2	0	1	12	0	6	0	0	1	0	13	0	1	0	3	0	0	0	0	0	0	0	0	0	1	0	1	0	1	1	0	4	2	0	1	2	19	3	13	212	1	7	13	5	2	0	0	0	2	5	4	1	0	2	9	0	8	1	1	7	4	0	28	4	1	0	0	0	1	1	0	3	0	9	0	3	3	3	0	0	1
Software_developer	0	0	1	3	0	0	6	0	0	24	0	0	0	0	0	0	1	0	0	0	0	1	2	0	0	0	1	0	0	5	0	0	0	0	1	0	0	5	0	0	0	0	0	0	0	0	0	0	0	4	4	0	1	0	4	2	8	3	6	4	0	9	2	0	3	2	0	0	3	0	0	0	0	0	1	1	0	1	1	4	0	3	0	0	0	0	0	0	1	0	0	2	1	0	8	0	0	2	0	0
Software_development	0	0	1	3	0	0	25	2	0	14	0	0	0	0	2	0	0	0	0	1	0	1	3	0	1	0	0	0	0	63	0	1	0	2	0	0	0	2	0	0	0	0	0	1	0	0	0	1	0	3	10	1	1	0	2	24	8	25	25	1	6	18	3	2	0	0	0	2	4	6	0	0	3	6	0	20	2	0	9	5	0	25	7	0	2	0	2	1	0	0	2	0	12	0	9	5	1	0	0	2
Software_development_methodology	0	0	1	7	0	0	13	0	0	5	0	0	0	0	0	0	0	0	0	0	0	0	5	0	1	0	0	0	0	88	0	0	0	0	0	0	0	1	0	0	0	0	0	0	0	0	0	0	0	1	4	0	0	0	0	10	1	16	13	0	0	21	0	5	0	0	0	0	3	19	0	0	1	9	0	12	0	0	3	6	0	2	1	0	0	0	0	1	3	0	0	0	4	0	2	3	0	0	0	0
Software_engineer	0	0	0	3	0	0	3	0	0	21	0	0	0	0	0	0	0	0	0	0	0	0	0	0	0	0	0	0	0	7	0	0	0	0	1	0	0	2	0	0	0	0	0	0	0	0	0	0	0	4	2	1	0	0	0	7	1	46	3	0	0	8	0	1	0	0	0	0	9	2	0	1	0	2	0	1	0	0	0	0	0	1	1	0	0	0	0	1	0	0	0	0	2	0	2	3	0	0	0	0
Software_engineering	0	0	0	4	0	0	11	2	0	25	0	0	0	0	2	0	0	0	0	1	0	0	1	0	0	0	0	0	0	21	0	1	0	2	1	0	0	3	0	0	0	0	0	1	0	0	0	1	0	2	8	1	0	0	1	16	1	112	11	1	8	21	2	2	1	0	0	2	13	4	0	0	2	8	0	9	1	0	1	2	0	7	2	0	0	0	0	1	4	0	2	0	4	1	1	2	2	0	0	1
Software_framework	0	0	0	2	0	1	2	0	0	5	0	0	0	0	0	0	0	0	0	0	0	0	7	0	1	0	0	0	0	7	0	1	0	0	0	0	0	1	0	0	0	0	0	2	0	0	0	0	0	1	0	0	0	0	0	0	0	0	2	0	0	1	0	0	1	0	0	0	4	0	0	0	0	0	0	2	1	0	3	1	0	0	0	0	0	0	0	0	0	0	0	0	1	0	17	0	1	0	0	0
Software_maintenance	0	0	1	2	0	0	9	2	0	8	0	0	0	0	2	0	0	0	0	0	0	0	5	0	0	0	0	0	0	11	0	3	0	2	2	0	0	0	0	0	0	0	0	0	0	0	0	1	1	0	4	1	0	0	1	9	2	11	9	0	6	10	2	2	3	0	0	2	3	3	0	0	2	7	0	5	1	0	8	4	0	6	2	0	0	0	0	1	0	0	2	0	8	1	9	2	5	0	0	1
Software_portability	0	2	0	0	0	0	0	0	0	8	0	0	0	0	0	0	0	0	0	0	0	0	0	0	1	0	0	0	0	1	0	0	0	0	0	0	0	0	0	0	0	0	0	1	0	0	0	0	0	0	1	1	0	0	6	2	6	0	0	0	1	6	0	0	0	0	0	0	1	0	1	0	1	0	0	0	0	0	0	0	0	4	0	0	1	0	0	0	0	0	0	0	0	0	11	0	0	0	0	0
Software_quality	0	0	2	3	0	0	14	2	0	11	0	0	0	0	4	0	0	0	0	1	0	1	14	0	2	1	0	0	1	16	0	1	0	2	0	0	0	0	0	0	0	0	0	1	0	1	0	1	0	2	5	2	0	0	1	12	2	18	14	0	21	10	2	1	3	0	0	5	4	2	3	0	1	119	0	11	1	0	16	3	0	6	13	1	1	0	1	1	1	0	2	0	19	0	30	3	15	0	1	1
Software_testing	0	0	2	4	0	0	24	2	0	9	0	0	0	0	2	0	0	0	0	1	0	0	13	0	8	1	1	0	4	52	0	1	0	2	0	0	0	1	0	0	0	0	0	4	0	5	0	4	1	1	291	1	0	0	6	21	1	8	24	0	11	15	2	2	138	0	0	3	3	9	4	0	2	27	0	37	1	0	20	11	0	16	9	0	0	0	34	1	1	0	2	0	30	0	41	2	14	0	0	4
Source_code	0	0	0	2	0	0	0	0	0	14	0	0	0	0	0	0	0	0	0	0	0	0	2	0	0	0	0	1	0	0	0	1	0	2	0	0	0	1	0	0	0	0	0	0	0	0	0	1	0	0	0	0	0	0	0	6	2	2	0	3	1	2	0	0	0	0	0	1	1	0	0	0	4	3	3	0	0	3	2	0	0	16	0	0	0	0	0	0	0	0	2	0	3	0	83	4	0	0	0	0
Source_code_editor	0	8	0	1	0	0	0	0	0	1	0	0	0	0	0	0	0	0	0	0	0	0	1	0	0	0	0	0	0	4	0	0	0	0	1	0	0	0	0	0	0	0	0	0	0	0	0	0	3	0	0	0	0	2	0	0	0	0	0	0	0	0	0	0	0	0	0	0	0	0	0	0	1	0	0	0	0	0	0	0	0	1	0	0	1	2	0	0	1	1	0	0	0	0	23	0	0	0	0	0
System_programming	0	0	0	0	0	0	0	0	0	1	0	0	0	0	0	0	0	0	0	0	0	0	0	0	0	0	0	0	0	0	0	0	0	1	0	0	0	0	0	0	0	0	0	0	0	0	0	0	0	0	0	0	0	0	4	0	3	0	0	0	0	14	1	0	0	0	0	0	0	0	0	0	0	0	0	0	0	3	0	0	0	8	0	0	0	0	0	0	0	0	1	0	1	0	2	0	1	0	0	0
Test-driven_development	0	0	0	5	0	0	18	0	0	1	0	0	0	0	0	0	0	0	0	0	0	0	4	0	6	0	3	0	0	41	0	1	0	0	0	0	0	0	0	0	0	0	0	4	0	2	0	0	0	0	30	2	0	1	1	3	1	2	18	1	1	4	0	1	117	0	0	0	1	1	0	0	2	5	0	15	0	0	4	4	0	0	1	0	1	0	86	0	3	0	0	0	11	0	66	7	1	0	0	0
Text_editor	0	2	2	0	0	0	0	0	0	4	0	0	0	0	0	0	0	0	0	0	0	0	10	0	3	0	0	0	1	5	0	0	0	0	2	0	0	0	1	0	0	0	0	0	0	0	0	0	1	0	0	0	0	0	4	1	0	0	0	0	0	5	0	0	0	0	0	0	0	0	0	6	0	0	0	0	0	0	0	0	0	6	0	0	4	0	0	0	4	0	0	0	8	0	9	0	2	0	1	0
UML_tool	0	0	0	1	0	0	4	0	0	0	0	0	0	0	0	0	0	0	0	0	0	0	4	0	0	0	0	0	0	2	0	0	0	0	0	0	0	0	0	0	0	0	0	0	0	0	0	0	0	1	0	0	0	0	0	2	1	10	4	1	0	1	1	0	0	0	0	0	0	0	0	0	0	0	0	0	0	0	0	0	0	10	0	0	0	0	0	0	2	0	0	0	3	0	20	0	0	0	0	0
Usability	0	0	1	3	0	0	71	0	0	4	0	0	0	0	0	0	0	0	0	0	0	6	48	0	13	4	0	0	0	9	0	1	0	0	3	0	0	0	0	0	0	0	0	6	0	0	0	0	0	1	34	0	0	0	0	17	0	8	71	0	0	7	0	0	9	0	0	0	2	0	124	0	0	5	0	5	3	0	16	7	0	2	0	0	0	0	9	0	5	0	0	0	10	0	0	4	2	0	0	0
Virtual_machine	0	6	0	0	0	0	6	2	0	15	0	1	0	0	2	0	0	0	0	0	0	0	3	0	1	0	0	0	0	7	0	4	0	82	0	0	1	0	0	0	0	0	0	0	0	0	0	2	0	0	0	1	0	0	22	8	1	1	6	4	7	19	2	0	0	0	0	3	1	0	0	0	7	1	0	1	2	0	1	1	0	19	0	0	2	0	0	0	1	0	82	0	1	0	9	2	3	0	0	2
Visual_Studio	0	55	0	4	0	0	8	0	0	2	0	1	0	0	0	0	0	0	0	1	0	4	6	0	7	0	0	0	3	34	0	14	0	4	2	0	2	0	1	0	0	0	1	3	0	1	0	0	1	0	6	2	0	248	2	2	49	0	8	8	1	3	0	0	6	0	0	0	1	0	0	0	7	1	0	0	2	1	6	34	0	28	0	0	92	6	2	0	12	3	4	0	21	0	63	6	5	0	0	1
Visual_programming_language	0	3	1	1	0	6	7	2	0	1	0	0	0	0	0	0	1	0	0	4	0	3	1	0	5	8	0	0	0	6	0	6	0	0	3	0	0	0	0	0	0	0	0	1	0	0	0	5	0	0	0	8	2	7	0	2	1	0	7	0	0	5	0	0	0	0	0	0	1	0	0	0	0	0	0	0	0	1	2	0	0	59	2	0	6	0	0	0	3	0	0	0	16	0	0	3	0	0	0	1
Waterfall_model	0	0	0	4	0	0	22	0	0	4	0	0	0	0	0	0	0	0	0	0	0	0	1	0	0	0	0	0	0	23	0	0	0	0	0	0	0	0	0	0	0	0	0	0	0	0	0	0	0	0	10	0	0	0	0	1	1	9	22	0	0	5	0	2	0	0	0	0	2	5	0	0	1	3	0	12	0	0	3	2	0	1	1	0	0	0	0	1	1	0	0	0	2	0	4	2	0	0	0	0
Xcode	0	3	10	3	0	0	0	0	0	1	0	0	0	0	0	0	0	0	0	0	0	0	2	0	4	0	2	0	2	6	0	1	0	1	1	0	0	0	0	0	0	0	0	1	0	0	0	0	63	0	1	0	0	13	0	0	5	0	0	7	0	2	0	0	0	0	137	0	0	0	0	0	6	0	0	0	0	0	3	0	0	2	0	0	0	5	0	0	0	83	1	0	0	0	10	1	0	0	0	0
